image_width: 640
image_height: 422
camera_name: right
camera_matrix:
  rows: 3
  cols: 3
  data: [ 965.583219557, 0., 313.467193808, 0., 961.151579204, 220.921432813, 0., 0., 1. ]
distortion_model: plumb_bob
distortion_coefficients:
  rows: 1
  cols: 5
  data: [-0.228883995077963, -0.172195737764547, 0., 0., 1.80266416090571]
rectification_matrix:
  rows: 3
  cols: 3
  data: [0.9999595626513742, -0.002531622127744651, -0.008629249763144508, 0.002566897948156007, 0.9999883850452624, 0.004079314831159116, 0.008618822251106505, -0.004101300277994274, 0.99995444658196]

projection_matrix:
  rows: 3
  cols: 4
  data: [922.9964996229439, 0, 322.9428405761719, -670.624570077359, 0, 922.9964996229439, 232.2588043212891, 0, 0, 0, 1, 0]
  