image_width: 1280
image_height: 720
camera_name: left
camera_matrix:
  rows: 3
  cols: 3
  data: [700.3599853515625, 0.0, 673.5230102539062, 0.0, 700.3599853515625, 372.06201171875, 0.0, 0.0, 1.0]
distortion_model: plumb_bob
distortion_coefficients:
  rows: 1
  cols: 5
  data: [-0.17238999903202057, 0.027316700667142868, 0.0, 0.0, 0.0]
rectification_matrix:
  rows: 3
  cols: 3
  data: [1.0, 0.0, 0.0, 0.0, 1.0, 0.0, 0.0, 0.0, 1.0]

projection_matrix:
  rows: 3
  cols: 4
  data: [700.3599853515625, 0.0, 673.5230102539062, 0.0, 0.0, 700.3599853515625, 372.06201171875, 0.0, 0.0, 0.0, 1.0, 0.0]
  