image_width: 1280
image_height: 844
camera_name: left
camera_matrix:
  rows: 3
  cols: 3
  data: [ 1932.62847459039, 0., 633.052003564446, 0., 1923.58161377961, 486.440081423819, 0., 0., 1. ]
distortion_model: plumb_bob
distortion_coefficients:
  rows: 1
  cols: 5
  data: [-0.253959666003671, 0.0924586726279815, 0., 0., 1.08929635664786]
rectification_matrix:
  rows: 3
  cols: 3
  data: [0.9999736796118535, 0.00205646300984743, -0.006957804497066409, -0.002084905841534992, 0.9999894905837471, -0.00408312254164598, 0.006949334584131187, 0.004097521439516028, 0.9999674580039546]

projection_matrix:
  rows: 3
  cols: 4
  data: [1904.18446014618, 0, 651.0954764783382, 0, 0, 1904.18446014618, 468.3600381612778, 0, 0, 0, 1, 0]
  
