image_width: 1280
image_height: 720
camera_name: left
camera_matrix:
  rows: 3
  cols: 3
  data: [668.5076904296875, 0.0, 683.3524780273438, 0.0, 668.5076904296875, 373.4369812011719, 0.0, 0.0, 1.0]
distortion_model: plumb_bob
distortion_coefficients:
  rows: 1
  cols: 5
  data: [0.0, 0.0, 0.0, 0.0, 0.0]
rectification_matrix:
  rows: 3
  cols: 3
  data: [1.0, 0.0, 0.0, 0.0, 1.0, 0.0, 0.0, 0.0, 1.0]
projection_matrix:
  rows: 3
  cols: 4
  data: [668.5076904296875, 0.0, 683.3524780273438, 0.0, 0.0, 668.5076904296875, 373.4369812011719, 0.0, 0.0, 0.0, 1.0, 0.0]
  