image_width: 640
image_height: 422
camera_name: left
camera_matrix:
  rows: 3
  cols: 3
  data: [431.199953485581, 0., 311.539266400740, 0., 429.207302108278, 219.828685389746, 0., 0., 1. ]
distortion_model: plumb_bob
distortion_coefficients:
  rows: 1
  cols: 5
  data: [-0.217620341544409, 0.0950763547097757, 0., 0., -0.0190141314680719]
rectification_matrix:
  rows: 3
  cols: 3
  data: [0.9999953128007949, -0.00148287992000623, 0.002678701846664197, 0.001474982239854864, 0.9999945671502626, 0.002947897106572601, -0.002683058671105158, -0.002943932251541919, .9999920671980682]
projection_matrix:
  rows: 3
  cols: 4
  data: [350.450513736991, 0, 320.3790130615234, 0, 0, 350.450513736991, 227.6394462585449, 0, 0, 0, 1, 0]
  