image_width: 1280
image_height: 720
camera_name: right
camera_matrix:
  rows: 3
  cols: 3
  data: [699.81201171875, 0.0, 672.6939697265625, 0.0, 699.81201171875, 370.7179870605469, 0.0, 0.0, 1.0]
distortion_model: plumb_bob
distortion_coefficients:
  rows: 1
  cols: 5
  data: [-0.1697009950876236, 0.025646600872278214, 0.0, 0.0, 0.0]
rectification_matrix:
  rows: 3
  cols: 3
  data: [0.9999693036079407, 0.00016025178774725646, 0.007834491319954395, -0.000166467551025562, 0.9999997019767761, 0.0007927375845611095, -0.007834360934793949, -0.0007940174546092749, 0.9999690055847168]
projection_matrix:
  rows: 3
  cols: 4
  data: [699.81201171875, 0.0, 672.6939697265625, -84.04110717773438, 0.0, 699.81201171875, 370.7179870605469, 0.0, 0.0, 0.0, 1.0, 0.0]

  