image_width: 1280
image_height: 844
camera_name: right
camera_matrix:
  rows: 3
  cols: 3
  data: [ 1931.16643911310, 0., 626.934387616878, 0., 1922.30315840727, 441.842865625320, 0., 0., 1. ]
distortion_model: plumb_bob
distortion_coefficients:
  rows: 1
  cols: 5
  data: [-0.228883995077963, -0.172195737764547, 0., 0., 1.80266416090571]
rectification_matrix:
  rows: 3
  cols: 3
  data: [0.9999595626513742, -0.002531622127744651, -0.008629249763144508, 0.002566897948156007, 0.9999883850452624, 0.004079314831159116, 0.008618822251106505, -0.004101300277994274, 0.99995444658196]

projection_matrix:
  rows: 3
  cols: 4
  data: [1904.18446014618, 0, 651.0954764783382, -1383.529499250742, 0, 1904.18446014618, 468.3600381612778, 0, 0, 0, 1, 0]
  