image_width: 640
image_height: 422
camera_name: left
camera_matrix:
  rows: 3
  cols: 3
  data: [ 966.314237295, 0., 316.526001782, 0., 961.79080689, 243.220040712, 0., 0., 1. ]
distortion_model: plumb_bob
distortion_coefficients:
  rows: 1
  cols: 5
  data: [-0.253959666003671, 0.0924586726279815, 0., 0., 1.08929635664786]
rectification_matrix:
  rows: 3
  cols: 3
  data: [0.9999736796118535, 0.00205646300984743, -0.006957804497066409, -0.002084905841534992, 0.9999894905837471, -0.00408312254164598, 0.006949334584131187, 0.004097521439516028, 0.9999674580039546]

projection_matrix:
  rows: 3
  cols: 4
  data: [922.9964996229439, 0, 322.9428405761719, 0, 0, 922.9964996229439, 232.2588043212891, 0, 0, 0, 1, 0]
  
