image_width: 640
image_height: 422
camera_name: stereo_right
camera_matrix:
  rows: 3
  cols: 3
  data: [ 430.505571735889, 0., 319.761765281127, 0., 428.371366591253, 232.719044234618, 0., 0., 1. ]
distortion_model: plumb_bob
distortion_coefficients:
  rows: 1
  cols: 5
  data: [-0.227190546097128, 0.120427177935110, 0., 0., -0.0414005027546084]
rectification_matrix:
  rows: 3
  cols: 3
  data: [0.9998065789425078, 0.003766079457743483, -0.01930340251864649, -0.00382293210773934, 0.9999884609247781, -0.002909159224377853, 0.01929222365043856, 0.002982392129001422, 0.9998094395652656]
projection_matrix:
  rows: 3
  cols: 4
  data: [350.450513736991, 0, 320.3790130615234, -104737.0309589948, 0, 350.450513736991, 227.6394462585449, 0, 0, 0, 1, 0]
  